Metric: 0.1376960128545761
Loss: 0.06892196089029312
